NOTE: these details will need to be formatted into our final PDF but I'm adding them
      here for everyone to see.

Average Response Time: (sum of all response_time/198) = (2896146.000 / 198) = 14627 seconds
Total time for program to run: 1960.222815 seconds


      history:
      count  task_image                              img_coordinates   depth  priority   enqueue_time   exec_time  response_time  deadline    missed
      1      ../dataset/frame_camera_0.png        (0,0), (1920,1280)   0.000         0              0         246     246.000       100         1
      2      ../dataset/frame_camera_1.png        (0,0), (1920,1280)   0.000         0            100         246     392.000       100         1
      3      ../dataset/frame_camera_2.png        (0,0), (1920,1280)   0.000         0            200         246     538.000       100         1
      4      ../dataset/frame_camera_3.png        (0,0), (1920,1280)   0.000         0            300         246     684.000       100         1
      5      ../dataset/frame_camera_4.png        (0,0), (1920,1280)   0.000         0            400         246     830.000       100         1
      6      ../dataset/frame_camera_5.png        (0,0), (1920,1280)   0.000         0            500         246     976.000       100         1
      7      ../dataset/frame_camera_6.png        (0,0), (1920,1280)   0.000         0            600         246    1122.000       100         1
      8      ../dataset/frame_camera_7.png        (0,0), (1920,1280)   0.000         0            700         246    1268.000       100         1
      9      ../dataset/frame_camera_8.png        (0,0), (1920,1280)   0.000         0            800         246    1414.000       100         1
      10     ../dataset/frame_camera_9.png        (0,0), (1920,1280)   0.000         0            900         246    1560.000       100         1
      11     ../dataset/frame_camera_10.png       (0,0), (1920,1280)   0.000         0           1000         246    1706.000       100         1
      12     ../dataset/frame_camera_11.png       (0,0), (1920,1280)   0.000         0           1100         246    1852.000       100         1
      13     ../dataset/frame_camera_12.png       (0,0), (1920,1280)   0.000         0           1200         246    1998.000       100         1
      14     ../dataset/frame_camera_13.png       (0,0), (1920,1280)   0.000         0           1300         246    2144.000       100         1
      15     ../dataset/frame_camera_14.png       (0,0), (1920,1280)   0.000         0           1400         246    2290.000       100         1
      16     ../dataset/frame_camera_15.png       (0,0), (1920,1280)   0.000         0           1500         246    2436.000       100         1
      17     ../dataset/frame_camera_16.png       (0,0), (1920,1280)   0.000         0           1600         246    2582.000       100         1
      18     ../dataset/frame_camera_17.png       (0,0), (1920,1280)   0.000         0           1700         246    2728.000       100         1
      19     ../dataset/frame_camera_18.png       (0,0), (1920,1280)   0.000         0           1800         246    2874.000       100         1
      20     ../dataset/frame_camera_19.png       (0,0), (1920,1280)   0.000         0           1900         246    3020.000       100         1
      21     ../dataset/frame_camera_20.png       (0,0), (1920,1280)   0.000         0           2000         246    3166.000       100         1
      22     ../dataset/frame_camera_21.png       (0,0), (1920,1280)   0.000         0           2100         246    3312.000       100         1
      23     ../dataset/frame_camera_22.png       (0,0), (1920,1280)   0.000         0           2200         246    3458.000       100         1
      24     ../dataset/frame_camera_23.png       (0,0), (1920,1280)   0.000         0           2300         246    3604.000       100         1
      25     ../dataset/frame_camera_24.png       (0,0), (1920,1280)   0.000         0           2400         246    3750.000       100         1
      26     ../dataset/frame_camera_25.png       (0,0), (1920,1280)   0.000         0           2500         246    3896.000       100         1
      27     ../dataset/frame_camera_26.png       (0,0), (1920,1280)   0.000         0           2600         246    4042.000       100         1
      28     ../dataset/frame_camera_27.png       (0,0), (1920,1280)   0.000         0           2700         246    4188.000       100         1
      29     ../dataset/frame_camera_28.png       (0,0), (1920,1280)   0.000         0           2800         246    4334.000       100         1
      30     ../dataset/frame_camera_29.png       (0,0), (1920,1280)   0.000         0           2900         246    4480.000       100         1
      31     ../dataset/frame_camera_30.png       (0,0), (1920,1280)   0.000         0           3000         246    4626.000       100         1
      32     ../dataset/frame_camera_31.png       (0,0), (1920,1280)   0.000         0           3100         246    4772.000       100         1
      33     ../dataset/frame_camera_32.png       (0,0), (1920,1280)   0.000         0           3200         246    4918.000       100         1
      34     ../dataset/frame_camera_33.png       (0,0), (1920,1280)   0.000         0           3300         246    5064.000       100         1
      35     ../dataset/frame_camera_34.png       (0,0), (1920,1280)   0.000         0           3400         246    5210.000       100         1
      36     ../dataset/frame_camera_35.png       (0,0), (1920,1280)   0.000         0           3500         246    5356.000       100         1
      37     ../dataset/frame_camera_36.png       (0,0), (1920,1280)   0.000         0           3600         246    5502.000       100         1
      38     ../dataset/frame_camera_37.png       (0,0), (1920,1280)   0.000         0           3700         246    5648.000       100         1
      39     ../dataset/frame_camera_38.png       (0,0), (1920,1280)   0.000         0           3800         246    5794.000       100         1
      40     ../dataset/frame_camera_39.png       (0,0), (1920,1280)   0.000         0           3900         246    5940.000       100         1
      41     ../dataset/frame_camera_40.png       (0,0), (1920,1280)   0.000         0           4000         246    6086.000       100         1
      42     ../dataset/frame_camera_41.png       (0,0), (1920,1280)   0.000         0           4100         246    6232.000       100         1
      43     ../dataset/frame_camera_42.png       (0,0), (1920,1280)   0.000         0           4200         246    6378.000       100         1
      44     ../dataset/frame_camera_43.png       (0,0), (1920,1280)   0.000         0           4300         246    6524.000       100         1
      45     ../dataset/frame_camera_44.png       (0,0), (1920,1280)   0.000         0           4400         246    6670.000       100         1
      46     ../dataset/frame_camera_45.png       (0,0), (1920,1280)   0.000         0           4500         246    6816.000       100         1
      47     ../dataset/frame_camera_46.png       (0,0), (1920,1280)   0.000         0           4600         246    6962.000       100         1
      48     ../dataset/frame_camera_47.png       (0,0), (1920,1280)   0.000         0           4700         246    7108.000       100         1
      49     ../dataset/frame_camera_48.png       (0,0), (1920,1280)   0.000         0           4800         246    7254.000       100         1
      50     ../dataset/frame_camera_49.png       (0,0), (1920,1280)   0.000         0           4900         246    7400.000       100         1
      51     ../dataset/frame_camera_50.png       (0,0), (1920,1280)   0.000         0           5000         246    7546.000       100         1
      52     ../dataset/frame_camera_51.png       (0,0), (1920,1280)   0.000         0           5100         246    7692.000       100         1
      53     ../dataset/frame_camera_52.png       (0,0), (1920,1280)   0.000         0           5200         246    7838.000       100         1
      54     ../dataset/frame_camera_53.png       (0,0), (1920,1280)   0.000         0           5300         246    7984.000       100         1
      55     ../dataset/frame_camera_54.png       (0,0), (1920,1280)   0.000         0           5400         246    8130.000       100         1
      56     ../dataset/frame_camera_55.png       (0,0), (1920,1280)   0.000         0           5500         246    8276.000       100         1
      57     ../dataset/frame_camera_56.png       (0,0), (1920,1280)   0.000         0           5600         246    8422.000       100         1
      58     ../dataset/frame_camera_57.png       (0,0), (1920,1280)   0.000         0           5700         246    8568.000       100         1
      59     ../dataset/frame_camera_58.png       (0,0), (1920,1280)   0.000         0           5800         246    8714.000       100         1
      60     ../dataset/frame_camera_59.png       (0,0), (1920,1280)   0.000         0           5900         246    8860.000       100         1
      61     ../dataset/frame_camera_60.png       (0,0), (1920,1280)   0.000         0           6000         246    9006.000       100         1
      62     ../dataset/frame_camera_61.png       (0,0), (1920,1280)   0.000         0           6100         246    9152.000       100         1
      63     ../dataset/frame_camera_62.png       (0,0), (1920,1280)   0.000         0           6200         246    9298.000       100         1
      64     ../dataset/frame_camera_63.png       (0,0), (1920,1280)   0.000         0           6300         246    9444.000       100         1
      65     ../dataset/frame_camera_64.png       (0,0), (1920,1280)   0.000         0           6400         246    9590.000       100         1
      66     ../dataset/frame_camera_65.png       (0,0), (1920,1280)   0.000         0           6500         246    9736.000       100         1
      67     ../dataset/frame_camera_66.png       (0,0), (1920,1280)   0.000         0           6600         246    9882.000       100         1
      68     ../dataset/frame_camera_67.png       (0,0), (1920,1280)   0.000         0           6700         246   10028.000       100         1
      69     ../dataset/frame_camera_68.png       (0,0), (1920,1280)   0.000         0           6800         246   10174.000       100         1
      70     ../dataset/frame_camera_69.png       (0,0), (1920,1280)   0.000         0           6900         246   10320.000       100         1
      71     ../dataset/frame_camera_70.png       (0,0), (1920,1280)   0.000         0           7000         246   10466.000       100         1
      72     ../dataset/frame_camera_71.png       (0,0), (1920,1280)   0.000         0           7100         246   10612.000       100         1
      73     ../dataset/frame_camera_72.png       (0,0), (1920,1280)   0.000         0           7200         246   10758.000       100         1
      74     ../dataset/frame_camera_73.png       (0,0), (1920,1280)   0.000         0           7300         246   10904.000       100         1
      75     ../dataset/frame_camera_74.png       (0,0), (1920,1280)   0.000         0           7400         246   11050.000       100         1
      76     ../dataset/frame_camera_75.png       (0,0), (1920,1280)   0.000         0           7500         246   11196.000       100         1
      77     ../dataset/frame_camera_76.png       (0,0), (1920,1280)   0.000         0           7600         246   11342.000       100         1
      78     ../dataset/frame_camera_77.png       (0,0), (1920,1280)   0.000         0           7700         246   11488.000       100         1
      79     ../dataset/frame_camera_78.png       (0,0), (1920,1280)   0.000         0           7800         246   11634.000       100         1
      80     ../dataset/frame_camera_79.png       (0,0), (1920,1280)   0.000         0           7900         246   11780.000       100         1
      81     ../dataset/frame_camera_80.png       (0,0), (1920,1280)   0.000         0           8000         246   11926.000       100         1
      82     ../dataset/frame_camera_81.png       (0,0), (1920,1280)   0.000         0           8100         246   12072.000       100         1
      83     ../dataset/frame_camera_82.png       (0,0), (1920,1280)   0.000         0           8200         246   12218.000       100         1
      84     ../dataset/frame_camera_83.png       (0,0), (1920,1280)   0.000         0           8300         246   12364.000       100         1
      85     ../dataset/frame_camera_84.png       (0,0), (1920,1280)   0.000         0           8400         246   12510.000       100         1
      86     ../dataset/frame_camera_85.png       (0,0), (1920,1280)   0.000         0           8500         246   12656.000       100         1
      87     ../dataset/frame_camera_86.png       (0,0), (1920,1280)   0.000         0           8600         246   12802.000       100         1
      88     ../dataset/frame_camera_87.png       (0,0), (1920,1280)   0.000         0           8700         246   12948.000       100         1
      89     ../dataset/frame_camera_88.png       (0,0), (1920,1280)   0.000         0           8800         246   13094.000       100         1
      90     ../dataset/frame_camera_89.png       (0,0), (1920,1280)   0.000         0           8900         246   13240.000       100         1
      91     ../dataset/frame_camera_90.png       (0,0), (1920,1280)   0.000         0           9000         246   13386.000       100         1
      92     ../dataset/frame_camera_91.png       (0,0), (1920,1280)   0.000         0           9100         246   13532.000       100         1
      93     ../dataset/frame_camera_92.png       (0,0), (1920,1280)   0.000         0           9200         246   13678.000       100         1
      94     ../dataset/frame_camera_93.png       (0,0), (1920,1280)   0.000         0           9300         246   13824.000       100         1
      95     ../dataset/frame_camera_94.png       (0,0), (1920,1280)   0.000         0           9400         246   13970.000       100         1
      96     ../dataset/frame_camera_95.png       (0,0), (1920,1280)   0.000         0           9500         246   14116.000       100         1
      97     ../dataset/frame_camera_96.png       (0,0), (1920,1280)   0.000         0           9600         246   14262.000       100         1
      98     ../dataset/frame_camera_97.png       (0,0), (1920,1280)   0.000         0           9700         246   14408.000       100         1
      99     ../dataset/frame_camera_98.png       (0,0), (1920,1280)   0.000         0           9800         246   14554.000       100         1
      100    ../dataset/frame_camera_99.png       (0,0), (1920,1280)   0.000         0           9900         246   14700.000       100         1
      101    ../dataset/frame_camera_100.png       (0,0), (1920,1280)   0.000         0          10000         246   14846.000       100         1
      102    ../dataset/frame_camera_101.png       (0,0), (1920,1280)   0.000         0          10100         246   14992.000       100         1
      103    ../dataset/frame_camera_102.png       (0,0), (1920,1280)   0.000         0          10200         246   15138.000       100         1
      104    ../dataset/frame_camera_103.png       (0,0), (1920,1280)   0.000         0          10300         246   15284.000       100         1
      105    ../dataset/frame_camera_104.png       (0,0), (1920,1280)   0.000         0          10400         246   15430.000       100         1
      106    ../dataset/frame_camera_105.png       (0,0), (1920,1280)   0.000         0          10500         246   15576.000       100         1
      107    ../dataset/frame_camera_106.png       (0,0), (1920,1280)   0.000         0          10600         246   15722.000       100         1
      108    ../dataset/frame_camera_107.png       (0,0), (1920,1280)   0.000         0          10700         246   15868.000       100         1
      109    ../dataset/frame_camera_108.png       (0,0), (1920,1280)   0.000         0          10800         246   16014.000       100         1
      110    ../dataset/frame_camera_109.png       (0,0), (1920,1280)   0.000         0          10900         246   16160.000       100         1
      111    ../dataset/frame_camera_110.png       (0,0), (1920,1280)   0.000         0          11000         246   16306.000       100         1
      112    ../dataset/frame_camera_111.png       (0,0), (1920,1280)   0.000         0          11100         246   16452.000       100         1
      113    ../dataset/frame_camera_112.png       (0,0), (1920,1280)   0.000         0          11200         246   16598.000       100         1
      114    ../dataset/frame_camera_113.png       (0,0), (1920,1280)   0.000         0          11300         246   16744.000       100         1
      115    ../dataset/frame_camera_114.png       (0,0), (1920,1280)   0.000         0          11400         246   16890.000       100         1
      116    ../dataset/frame_camera_115.png       (0,0), (1920,1280)   0.000         0          11500         246   17036.000       100         1
      117    ../dataset/frame_camera_116.png       (0,0), (1920,1280)   0.000         0          11600         246   17182.000       100         1
      118    ../dataset/frame_camera_117.png       (0,0), (1920,1280)   0.000         0          11700         246   17328.000       100         1
      119    ../dataset/frame_camera_118.png       (0,0), (1920,1280)   0.000         0          11800         246   17474.000       100         1
      120    ../dataset/frame_camera_119.png       (0,0), (1920,1280)   0.000         0          11900         246   17620.000       100         1
      121    ../dataset/frame_camera_120.png       (0,0), (1920,1280)   0.000         0          12000         246   17766.000       100         1
      122    ../dataset/frame_camera_121.png       (0,0), (1920,1280)   0.000         0          12100         246   17912.000       100         1
      123    ../dataset/frame_camera_122.png       (0,0), (1920,1280)   0.000         0          12200         246   18058.000       100         1
      124    ../dataset/frame_camera_123.png       (0,0), (1920,1280)   0.000         0          12300         246   18204.000       100         1
      125    ../dataset/frame_camera_124.png       (0,0), (1920,1280)   0.000         0          12400         246   18350.000       100         1
      126    ../dataset/frame_camera_125.png       (0,0), (1920,1280)   0.000         0          12500         246   18496.000       100         1
      127    ../dataset/frame_camera_126.png       (0,0), (1920,1280)   0.000         0          12600         246   18642.000       100         1
      128    ../dataset/frame_camera_127.png       (0,0), (1920,1280)   0.000         0          12700         246   18788.000       100         1
      129    ../dataset/frame_camera_128.png       (0,0), (1920,1280)   0.000         0          12800         246   18934.000       100         1
      130    ../dataset/frame_camera_129.png       (0,0), (1920,1280)   0.000         0          12900         246   19080.000       100         1
      131    ../dataset/frame_camera_130.png       (0,0), (1920,1280)   0.000         0          13000         246   19226.000       100         1
      132    ../dataset/frame_camera_131.png       (0,0), (1920,1280)   0.000         0          13100         246   19372.000       100         1
      133    ../dataset/frame_camera_132.png       (0,0), (1920,1280)   0.000         0          13200         246   19518.000       100         1
      134    ../dataset/frame_camera_133.png       (0,0), (1920,1280)   0.000         0          13300         246   19664.000       100         1
      135    ../dataset/frame_camera_134.png       (0,0), (1920,1280)   0.000         0          13400         246   19810.000       100         1
      136    ../dataset/frame_camera_135.png       (0,0), (1920,1280)   0.000         0          13500         246   19956.000       100         1
      137    ../dataset/frame_camera_136.png       (0,0), (1920,1280)   0.000         0          13600         246   20102.000       100         1
      138    ../dataset/frame_camera_137.png       (0,0), (1920,1280)   0.000         0          13700         246   20248.000       100         1
      139    ../dataset/frame_camera_138.png       (0,0), (1920,1280)   0.000         0          13800         246   20394.000       100         1
      140    ../dataset/frame_camera_139.png       (0,0), (1920,1280)   0.000         0          13900         246   20540.000       100         1
      141    ../dataset/frame_camera_140.png       (0,0), (1920,1280)   0.000         0          14000         246   20686.000       100         1
      142    ../dataset/frame_camera_141.png       (0,0), (1920,1280)   0.000         0          14100         246   20832.000       100         1
      143    ../dataset/frame_camera_142.png       (0,0), (1920,1280)   0.000         0          14200         246   20978.000       100         1
      144    ../dataset/frame_camera_143.png       (0,0), (1920,1280)   0.000         0          14300         246   21124.000       100         1
      145    ../dataset/frame_camera_144.png       (0,0), (1920,1280)   0.000         0          14400         246   21270.000       100         1
      146    ../dataset/frame_camera_145.png       (0,0), (1920,1280)   0.000         0          14500         246   21416.000       100         1
      147    ../dataset/frame_camera_146.png       (0,0), (1920,1280)   0.000         0          14600         246   21562.000       100         1
      148    ../dataset/frame_camera_147.png       (0,0), (1920,1280)   0.000         0          14700         246   21708.000       100         1
      149    ../dataset/frame_camera_148.png       (0,0), (1920,1280)   0.000         0          14800         246   21854.000       100         1
      150    ../dataset/frame_camera_149.png       (0,0), (1920,1280)   0.000         0          14900         246   22000.000       100         1
      151    ../dataset/frame_camera_150.png       (0,0), (1920,1280)   0.000         0          15000         246   22146.000       100         1
      152    ../dataset/frame_camera_151.png       (0,0), (1920,1280)   0.000         0          15100         246   22292.000       100         1
      153    ../dataset/frame_camera_152.png       (0,0), (1920,1280)   0.000         0          15200         246   22438.000       100         1
      154    ../dataset/frame_camera_153.png       (0,0), (1920,1280)   0.000         0          15300         246   22584.000       100         1
      155    ../dataset/frame_camera_154.png       (0,0), (1920,1280)   0.000         0          15400         246   22730.000       100         1
      156    ../dataset/frame_camera_155.png       (0,0), (1920,1280)   0.000         0          15500         246   22876.000       100         1
      157    ../dataset/frame_camera_156.png       (0,0), (1920,1280)   0.000         0          15600         246   23022.000       100         1
      158    ../dataset/frame_camera_157.png       (0,0), (1920,1280)   0.000         0          15700         246   23168.000       100         1
      159    ../dataset/frame_camera_158.png       (0,0), (1920,1280)   0.000         0          15800         246   23314.000       100         1
      160    ../dataset/frame_camera_159.png       (0,0), (1920,1280)   0.000         0          15900         246   23460.000       100         1
      161    ../dataset/frame_camera_160.png       (0,0), (1920,1280)   0.000         0          16000         246   23606.000       100         1
      162    ../dataset/frame_camera_161.png       (0,0), (1920,1280)   0.000         0          16100         246   23752.000       100         1
      163    ../dataset/frame_camera_162.png       (0,0), (1920,1280)   0.000         0          16200         246   23898.000       100         1
      164    ../dataset/frame_camera_163.png       (0,0), (1920,1280)   0.000         0          16300         246   24044.000       100         1
      165    ../dataset/frame_camera_164.png       (0,0), (1920,1280)   0.000         0          16400         246   24190.000       100         1
      166    ../dataset/frame_camera_165.png       (0,0), (1920,1280)   0.000         0          16500         246   24336.000       100         1
      167    ../dataset/frame_camera_166.png       (0,0), (1920,1280)   0.000         0          16600         246   24482.000       100         1
      168    ../dataset/frame_camera_167.png       (0,0), (1920,1280)   0.000         0          16700         246   24628.000       100         1
      169    ../dataset/frame_camera_168.png       (0,0), (1920,1280)   0.000         0          16800         246   24774.000       100         1
      170    ../dataset/frame_camera_169.png       (0,0), (1920,1280)   0.000         0          16900         246   24920.000       100         1
      171    ../dataset/frame_camera_170.png       (0,0), (1920,1280)   0.000         0          17000         246   25066.000       100         1
      172    ../dataset/frame_camera_171.png       (0,0), (1920,1280)   0.000         0          17100         246   25212.000       100         1
      173    ../dataset/frame_camera_172.png       (0,0), (1920,1280)   0.000         0          17200         246   25358.000       100         1
      174    ../dataset/frame_camera_173.png       (0,0), (1920,1280)   0.000         0          17300         246   25504.000       100         1
      175    ../dataset/frame_camera_174.png       (0,0), (1920,1280)   0.000         0          17400         246   25650.000       100         1
      176    ../dataset/frame_camera_175.png       (0,0), (1920,1280)   0.000         0          17500         246   25796.000       100         1
      177    ../dataset/frame_camera_176.png       (0,0), (1920,1280)   0.000         0          17600         246   25942.000       100         1
      178    ../dataset/frame_camera_177.png       (0,0), (1920,1280)   0.000         0          17700         246   26088.000       100         1
      179    ../dataset/frame_camera_178.png       (0,0), (1920,1280)   0.000         0          17800         246   26234.000       100         1
      180    ../dataset/frame_camera_179.png       (0,0), (1920,1280)   0.000         0          17900         246   26380.000       100         1
      181    ../dataset/frame_camera_180.png       (0,0), (1920,1280)   0.000         0          18000         246   26526.000       100         1
      182    ../dataset/frame_camera_181.png       (0,0), (1920,1280)   0.000         0          18100         246   26672.000       100         1
      183    ../dataset/frame_camera_182.png       (0,0), (1920,1280)   0.000         0          18200         246   26818.000       100         1
      184    ../dataset/frame_camera_183.png       (0,0), (1920,1280)   0.000         0          18300         246   26964.000       100         1
      185    ../dataset/frame_camera_184.png       (0,0), (1920,1280)   0.000         0          18400         246   27110.000       100         1
      186    ../dataset/frame_camera_185.png       (0,0), (1920,1280)   0.000         0          18500         246   27256.000       100         1
      187    ../dataset/frame_camera_186.png       (0,0), (1920,1280)   0.000         0          18600         246   27402.000       100         1
      188    ../dataset/frame_camera_187.png       (0,0), (1920,1280)   0.000         0          18700         246   27548.000       100         1
      189    ../dataset/frame_camera_188.png       (0,0), (1920,1280)   0.000         0          18800         246   27694.000       100         1
      190    ../dataset/frame_camera_189.png       (0,0), (1920,1280)   0.000         0          18900         246   27840.000       100         1
      191    ../dataset/frame_camera_190.png       (0,0), (1920,1280)   0.000         0          19000         246   27986.000       100         1
      192    ../dataset/frame_camera_191.png       (0,0), (1920,1280)   0.000         0          19100         246   28132.000       100         1
      193    ../dataset/frame_camera_192.png       (0,0), (1920,1280)   0.000         0          19200         246   28278.000       100         1
      194    ../dataset/frame_camera_193.png       (0,0), (1920,1280)   0.000         0          19300         246   28424.000       100         1
      195    ../dataset/frame_camera_194.png       (0,0), (1920,1280)   0.000         0          19400         246   28570.000       100         1
      196    ../dataset/frame_camera_195.png       (0,0), (1920,1280)   0.000         0          19500         246   28716.000       100         1
      197    ../dataset/frame_camera_196.png       (0,0), (1920,1280)   0.000         0          19600         246   28862.000       100         1
      198    ../dataset/frame_camera_197.png       (0,0), (1920,1280)   0.000         0          19700         246   29008.000       100         1
      ----------------------------------------------------------------------
      Elapsed time: 1960.222815 s


       response_time
          246.000
          392.000
          538.000
          684.000
          830.000
          976.000
         1122.000
         1268.000
         1414.000
         1560.000
         1706.000
         1852.000
         1998.000
         2144.000
         2290.000
         2436.000
         2582.000
         2728.000
         2874.000
         3020.000
         3166.000
         3312.000
         3458.000
         3604.000
         3750.000
         3896.000
         4042.000
         4188.000
         4334.000
         4480.000
         4626.000
         4772.000
         4918.000
         5064.000
         5210.000
         5356.000
         5502.000
         5648.000
         5794.000
         5940.000
         6086.000
         6232.000
         6378.000
         6524.000
         6670.000
         6816.000
         6962.000
         7108.000
         7254.000
         7400.000
         7546.000
         7692.000
         7838.000
         7984.000
         8130.000
         8276.000
         8422.000
         8568.000
         8714.000
         8860.000
         9006.000
         9152.000
         9298.000
         9444.000
         9590.000
         9736.000
         9882.000
        10028.000
        10174.000
        10320.000
        10466.000
        10612.000
        10758.000
        10904.000
        11050.000
        11196.000
        11342.000
        11488.000
        11634.000
        11780.000
        11926.000
        12072.000
        12218.000
        12364.000
        12510.000
        12656.000
        12802.000
        12948.000
        13094.000
        13240.000
        13386.000
        13532.000
        13678.000
        13824.000
        13970.000
        14116.000
        14262.000
        14408.000
        14554.000
        14700.000
         14846.000
         14992.000
         15138.000
         15284.000
         15430.000
         15576.000
         15722.000
         15868.000
         16014.000
         16160.000
         16306.000
         16452.000
         16598.000
         16744.000
         16890.000
         17036.000
         17182.000
         17328.000
         17474.000
         17620.000
         17766.000
         17912.000
         18058.000
         18204.000
         18350.000
         18496.000
         18642.000
         18788.000
         18934.000
         19080.000
         19226.000
         19372.000
         19518.000
         19664.000
         19810.000
         19956.000
         20102.000
         20248.000
         20394.000
         20540.000
         20686.000
         20832.000
         20978.000
         21124.000
         21270.000
         21416.000
         21562.000
         21708.000
         21854.000
         22000.000
         22146.000
         22292.000
         22438.000
         22584.000
         22730.000
         22876.000
         23022.000
         23168.000
         23314.000
         23460.000
         23606.000
         23752.000
         23898.000
         24044.000
         24190.000
         24336.000
         24482.000
         24628.000
         24774.000
         24920.000
         25066.000
         25212.000
         25358.000
         25504.000
         25650.000
         25796.000
         25942.000
         26088.000
         26234.000
         26380.000
         26526.000
         26672.000
         26818.000
         26964.000
         27110.000
         27256.000
         27402.000
         27548.000
         27694.000
         27840.000
         27986.000
         28132.000
         28278.000
         28424.000
         28570.000
         28716.000
         28862.000
         29008.000
        +_________
         2896146.000 / 198 = 14627 seconds
