----------------------------------------------------------------------
history:
count  task_image                              img_coordinates   depth  priority   enqueue_time   exec_time  response_time  deadline    missed
1      ../dataset/frame_camera_0.png      (644,655), (729,720)  64.447         0              0           1       1.000       100         0
2      ../dataset/frame_camera_0.png      (571,667), (759,813)  29.453         1              0           3       4.000       100         0
3      ../dataset/frame_camera_0.png   (1322,764), (1920,1214)   9.532         2              0          27      31.000       100         0
4      ../dataset/frame_camera_1.png      (649,654), (733,718)  65.245         0            100           1       1.000       100         0
5      ../dataset/frame_camera_1.png      (577,666), (763,810)  29.802         1            100           3       4.000       100         0
6      ../dataset/frame_camera_1.png   (1326,763), (1920,1214)   9.502         2            100          27      31.000       100         0
7      ../dataset/frame_camera_2.png      (654,655), (737,718)  66.043         0            200           1       1.000       100         0
8      ../dataset/frame_camera_2.png      (584,666), (766,809)  30.152         1            200           3       4.000       100         0
9      ../dataset/frame_camera_2.png   (1330,763), (1920,1216)   9.474         2            200          27      31.000       100         0
10     ../dataset/frame_camera_3.png      (660,656), (741,718)  66.937         0            300           1       1.000       100         0
11     ../dataset/frame_camera_3.png      (589,668), (769,808)  30.531         1            300           3       4.000       100         0
12     ../dataset/frame_camera_3.png   (1333,765), (1920,1219)   9.447         2            300          27      31.000       100         0
13     ../dataset/frame_camera_4.png      (665,655), (745,717)  67.833         0            400           1       1.000       100         0
14     ../dataset/frame_camera_4.png      (595,667), (772,806)  30.913         1            400           3       4.000       100         0
15     ../dataset/frame_camera_4.png   (1337,764), (1920,1220)   9.424         2            400          27      31.000       100         0
16     ../dataset/frame_camera_5.png      (670,654), (749,714)  68.731         0            500           1       1.000       100         0
17     ../dataset/frame_camera_5.png      (600,666), (775,803)  31.296         1            500           3       4.000       100         0
18     ../dataset/frame_camera_5.png   (1339,763), (1920,1220)   9.398         2            500          27      31.000       100         0
19     ../dataset/frame_camera_6.png      (674,653), (752,712)  69.632         0            600           1       1.000       100         0
20     ../dataset/frame_camera_6.png      (605,665), (777,800)  31.681         1            600           3       4.000       100         0
21     ../dataset/frame_camera_6.png   (1341,764), (1920,1221)   9.374         2            600          27      31.000       100         0
22     ../dataset/frame_camera_7.png      (678,649), (755,708)  70.543         0            700           1       1.000       100         0
23     ../dataset/frame_camera_7.png      (609,663), (778,795)  32.077         1            700           3       4.000       100         0
24     ../dataset/frame_camera_7.png   (1342,762), (1920,1220)   9.362         2            700          27      31.000       100         0
25     ../dataset/frame_camera_8.png      (683,646), (758,704)  71.467         0            800           1       1.000       100         0
26     ../dataset/frame_camera_8.png      (614,659), (781,790)  32.485         1            800           3       4.000       100         0
27     ../dataset/frame_camera_8.png   (1343,759), (1920,1216)   9.360         2            800          27      31.000       100         0
28     ../dataset/frame_camera_9.png      (688,645), (762,702)  72.403         0            900           1       1.000       100         0
29     ../dataset/frame_camera_9.png      (619,658), (783,787)  32.905         1            900           3       4.000       100         0
30     ../dataset/frame_camera_9.png   (1344,757), (1920,1212)   9.371         2            900          27      31.000       100         0
31     ../dataset/frame_camera_10.png     (691,647), (764,704)  73.349         0           1000           1       1.000       100         0
32     ../dataset/frame_camera_10.png     (623,661), (785,788)  33.336         1           1000           3       4.000       100         0
33     ../dataset/frame_camera_10.png  (1344,757), (1920,1210)   9.391         2           1000          27      31.000       100         0
34     ../dataset/frame_camera_11.png     (693,652), (765,708)  74.296         0           1100           1       1.000       100         0
35     ../dataset/frame_camera_11.png     (627,664), (785,790)  33.780         1           1100           2       3.000       100         0
36     ../dataset/frame_camera_11.png  (1344,761), (1920,1216)   9.418         2           1100          27      30.000       100         0
37     ../dataset/frame_camera_12.png     (629,665), (785,789)  34.231         0           1200           2       2.000       100         0
38     ../dataset/frame_camera_12.png  (1343,764), (1920,1219)   9.453         1           1200          27      29.000       100         0
39     ../dataset/frame_camera_13.png     (630,663), (783,785)  34.686         0           1300           2       2.000       100         0
40     ../dataset/frame_camera_13.png  (1340,765), (1920,1218)   9.491         1           1300          27      29.000       100         0
41     ../dataset/frame_camera_14.png     (630,662), (781,782)  35.141         0           1400           2       2.000       100         0
42     ../dataset/frame_camera_14.png  (1337,765), (1920,1216)   9.529         1           1400          27      29.000       100         0
43     ../dataset/frame_camera_15.png     (632,663), (781,782)  35.598         0           1500           2       2.000       100         0
44     ../dataset/frame_camera_15.png  (1332,766), (1920,1216)   9.557         1           1500          27      29.000       100         0
45     ../dataset/frame_camera_16.png     (637,665), (783,783)  36.056         0           1600           2       2.000       100         0
46     ../dataset/frame_camera_16.png  (1331,764), (1920,1211)   9.594         1           1600          27      29.000       100         0
47     ../dataset/frame_camera_17.png     (643,666), (787,782)  36.515         0           1700           2       2.000       100         0
48     ../dataset/frame_camera_17.png  (1330,762), (1920,1206)   9.630         1           1700          27      29.000       100         0
49     ../dataset/frame_camera_18.png     (649,666), (791,781)  36.971         0           1800           2       2.000       100         0
50     ../dataset/frame_camera_18.png  (1330,760), (1920,1202)   9.662         1           1800          27      29.000       100         0
51     ../dataset/frame_camera_19.png     (655,667), (795,781)  37.421         0           1900           2       2.000       100         0
52     ../dataset/frame_camera_19.png  (1331,760), (1920,1200)   9.692         1           1900          26      28.000       100         0
53     ../dataset/frame_camera_20.png     (660,670), (798,782)  37.893         0           2000           2       2.000       100         0
54     ../dataset/frame_camera_20.png  (1332,762), (1920,1201)   9.718         1           2000          26      28.000       100         0
55     ../dataset/frame_camera_21.png     (665,671), (801,782)  38.361         0           2100           2       2.000       100         0
56     ../dataset/frame_camera_21.png  (1334,764), (1920,1203)   9.742         1           2100          26      28.000       100         0
57     ../dataset/frame_camera_22.png     (669,670), (804,779)  38.825         0           2200           2       2.000       100         0
58     ../dataset/frame_camera_22.png  (1336,763), (1920,1200)   9.762         1           2200          26      28.000       100         0
59     ../dataset/frame_camera_23.png     (674,668), (806,776)  39.283         0           2300           2       2.000       100         0
60     ../dataset/frame_camera_23.png  (1338,762), (1920,1198)   9.778         1           2300          26      28.000       100         0
61     ../dataset/frame_camera_24.png     (678,669), (808,776)  39.734         0           2400           2       2.000       100         0
62     ../dataset/frame_camera_24.png  (1340,764), (1920,1200)   9.788         1           2400          26      28.000       100         0
63     ../dataset/frame_camera_25.png     (680,670), (810,776)  40.181         0           2500           2       2.000       100         0
64     ../dataset/frame_camera_25.png  (1342,765), (1920,1202)   9.795         1           2500          26      28.000       100         0
65     ../dataset/frame_camera_26.png     (683,669), (810,773)  40.623         0           2600           2       2.000       100         0
66     ../dataset/frame_camera_26.png  (1343,765), (1920,1202)   9.798         1           2600          26      28.000       100         0
67     ../dataset/frame_camera_27.png     (684,667), (810,770)  41.059         0           2700           2       2.000       100         0
68     ../dataset/frame_camera_27.png  (1343,765), (1920,1201)   9.796         1           2700          26      28.000       100         0
69     ../dataset/frame_camera_28.png     (685,667), (809,768)  41.493         0           2800           2       2.000       100         0
70     ../dataset/frame_camera_28.png  (1343,764), (1920,1200)   9.791         1           2800          26      28.000       100         0
71     ../dataset/frame_camera_29.png     (685,666), (808,767)  41.922         0           2900           2       2.000       100         0
72     ../dataset/frame_camera_29.png  (1342,764), (1920,1202)   9.780         1           2900          26      28.000       100         0
73     ../dataset/frame_camera_30.png     (685,666), (807,765)  42.348         0           3000           2       2.000       100         0
74     ../dataset/frame_camera_30.png  (1341,764), (1920,1202)   9.766         1           3000          26      28.000       100         0
75     ../dataset/frame_camera_31.png     (686,666), (806,764)  42.771         0           3100           2       2.000       100         0
76     ../dataset/frame_camera_31.png  (1341,765), (1920,1204)   9.747         1           3100          26      28.000       100         0
77     ../dataset/frame_camera_32.png     (688,665), (807,763)  43.192         0           3200           2       2.000       100         0
78     ../dataset/frame_camera_32.png  (1341,765), (1920,1205)   9.725         1           3200          26      28.000       100         0
79     ../dataset/frame_camera_33.png     (690,667), (808,763)  43.611         0           3300           2       2.000       100         0
80     ../dataset/frame_camera_33.png  (1342,766), (1920,1209)   9.700         1           3300          26      28.000       100         0
81     ../dataset/frame_camera_34.png     (693,667), (810,762)  44.030         0           3400           2       2.000       100         0
82     ../dataset/frame_camera_34.png  (1344,766), (1920,1210)   9.674         1           3400          26      28.000       100         0
83     ../dataset/frame_camera_35.png     (697,666), (813,760)  44.446         0           3500           2       2.000       100         0
84     ../dataset/frame_camera_35.png  (1347,766), (1920,1211)   9.645         1           3500          26      28.000       100         0
85     ../dataset/frame_camera_36.png     (701,664), (815,757)  44.860         0           3600           2       2.000       100         0
86     ../dataset/frame_camera_36.png  (1349,765), (1920,1211)   9.615         1           3600          26      28.000       100         0
87     ../dataset/frame_camera_37.png     (703,664), (816,756)  45.274         0           3700           2       2.000       100         0
88     ../dataset/frame_camera_37.png  (1352,764), (1920,1211)   9.586         1           3700          26      28.000       100         0
89     ../dataset/frame_camera_38.png     (706,664), (818,756)  45.686         0           3800           2       2.000       100         0
90     ../dataset/frame_camera_38.png  (1354,765), (1920,1214)   9.558         1           3800          26      28.000       100         0
91     ../dataset/frame_camera_39.png     (708,662), (818,753)  46.104         0           3900           2       2.000       100         0
92     ../dataset/frame_camera_39.png  (1356,765), (1920,1215)   9.535         1           3900          26      28.000       100         0
93     ../dataset/frame_camera_40.png     (710,660), (820,750)  46.534         0           4000           1       1.000       100         0
94     ../dataset/frame_camera_40.png  (1358,763), (1920,1214)   9.511         1           4000          26      27.000       100         0
95     ../dataset/frame_camera_41.png     (712,661), (820,749)  46.966         0           4100           1       1.000       100         0
96     ../dataset/frame_camera_41.png  (1360,764), (1920,1216)   9.488         1           4100          26      27.000       100         0
97     ../dataset/frame_camera_42.png     (713,662), (820,750)  47.400         0           4200           1       1.000       100         0
98     ../dataset/frame_camera_42.png  (1360,766), (1920,1220)   9.468         1           4200          26      27.000       100         0
99     ../dataset/frame_camera_43.png     (715,662), (821,749)  47.838         0           4300           1       1.000       100         0
100    ../dataset/frame_camera_43.png  (1361,766), (1920,1222)   9.451         1           4300          26      27.000       100         0
101    ../dataset/frame_camera_44.png     (717,659), (822,745)  48.281         0           4400           1       1.000       100         0
102    ../dataset/frame_camera_44.png  (1361,765), (1920,1221)   9.436         1           4400          26      27.000       100         0
103    ../dataset/frame_camera_45.png     (720,656), (823,742)  48.735         0           4500           1       1.000       100         0
104    ../dataset/frame_camera_45.png  (1361,762), (1920,1217)   9.430         1           4500          26      27.000       100         0
105    ../dataset/frame_camera_46.png     (722,655), (825,740)  49.196         0           4600           1       1.000       100         0
106    ../dataset/frame_camera_46.png  (1361,761), (1920,1215)   9.430         1           4600          26      27.000       100         0
107    ../dataset/frame_camera_47.png     (724,658), (826,742)  49.660         0           4700           1       1.000       100         0
108    ../dataset/frame_camera_47.png  (1360,764), (1920,1219)   9.435         1           4700          26      27.000       100         0
109    ../dataset/frame_camera_48.png     (725,660), (825,743)  50.138         0           4800           1       1.000       100         0
110    ../dataset/frame_camera_48.png  (1358,766), (1920,1222)   9.446         1           4800          26      27.000       100         0
111    ../dataset/frame_camera_49.png     (725,662), (825,744)  50.619         0           4900           1       1.000       100         0
112    ../dataset/frame_camera_49.png  (1355,769), (1920,1226)   9.460         1           4900          26      27.000       100         0
113    ../dataset/frame_camera_50.png     (725,660), (824,741)  51.107         0           5000           1       1.000       100         0
114    ../dataset/frame_camera_50.png  (1353,766), (1920,1221)   9.479         1           5000          26      27.000       100         0
115    ../dataset/frame_camera_51.png     (726,657), (823,737)  51.598         0           5100           1       1.000       100         0
116    ../dataset/frame_camera_51.png  (1350,761), (1920,1212)   9.500         1           5100          26      27.000       100         0
117    ../dataset/frame_camera_52.png     (728,658), (824,737)  52.091         0           5200           1       1.000       100         0
118    ../dataset/frame_camera_52.png  (1349,760), (1920,1209)   9.521         1           5200          26      27.000       100         0
119    ../dataset/frame_camera_53.png     (730,661), (825,739)  52.589         0           5300           1       1.000       100         0
120    ../dataset/frame_camera_53.png  (1347,761), (1920,1210)   9.546         1           5300          26      27.000       100         0
121    ../dataset/frame_camera_54.png     (732,661), (826,739)  53.090         0           5400           1       1.000       100         0
122    ../dataset/frame_camera_54.png  (1346,762), (1920,1209)   9.573         1           5400          26      27.000       100         0
123    ../dataset/frame_camera_55.png     (735,662), (828,739)  53.591         0           5500           1       1.000       100         0
124    ../dataset/frame_camera_55.png  (1345,762), (1920,1207)   9.602         1           5500          26      27.000       100         0
125    ../dataset/frame_camera_56.png     (738,661), (830,738)  54.094         0           5600           1       1.000       100         0
126    ../dataset/frame_camera_56.png  (1345,761), (1920,1204)   9.631         1           5600          26      27.000       100         0
127    ../dataset/frame_camera_57.png     (741,661), (832,737)  54.596         0           5700           1       1.000       100         0
128    ../dataset/frame_camera_57.png  (1345,759), (1920,1201)   9.660         1           5700          26      27.000       100         0
129    ../dataset/frame_camera_58.png     (745,663), (835,739)  55.094         0           5800           1       1.000       100         0
130    ../dataset/frame_camera_58.png  (1346,762), (1920,1203)   9.685         1           5800          26      27.000       100         0
131    ../dataset/frame_camera_59.png     (747,664), (837,738)  55.591         0           5900           1       1.000       100         0
132    ../dataset/frame_camera_59.png  (1347,763), (1920,1203)   9.712         1           5900          26      27.000       100         0
133    ../dataset/frame_camera_60.png     (750,664), (839,738)  56.082         0           6000           1       1.000       100         0
134    ../dataset/frame_camera_60.png  (1348,764), (1920,1204)   9.734         1           6000          26      27.000       100         0
135    ../dataset/frame_camera_61.png     (751,664), (839,738)  56.570         0           6100           1       1.000       100         0
136    ../dataset/frame_camera_61.png  (1347,766), (1920,1206)   9.754         1           6100          26      27.000       100         0
137    ../dataset/frame_camera_62.png     (750,663), (837,736)  57.053         0           6200           1       1.000       100         0
138    ../dataset/frame_camera_62.png  (1345,767), (1920,1207)   9.771         1           6200          26      27.000       100         0
139    ../dataset/frame_camera_63.png     (748,662), (834,734)  57.530         0           6300           1       1.000       100         0
140    ../dataset/frame_camera_63.png  (1343,768), (1920,1207)   9.782         1           6300          26      27.000       100         0
141    ../dataset/frame_camera_64.png     (746,663), (832,734)  58.003         0           6400           1       1.000       100         0
142    ../dataset/frame_camera_64.png  (1339,769), (1920,1208)   9.789         1           6400          26      27.000       100         0
143    ../dataset/frame_camera_65.png     (744,664), (829,735)  58.472         0           6500           1       1.000       100         0
144    ../dataset/frame_camera_65.png  (1335,771), (1920,1211)   9.788         1           6500          26      27.000       100         0
145    ../dataset/frame_camera_66.png     (744,663), (828,733)  58.940         0           6600           1       1.000       100         0
146    ../dataset/frame_camera_66.png  (1333,771), (1920,1212)   9.785         1           6600          26      27.000       100         0
147    ../dataset/frame_camera_67.png     (744,661), (827,731)  59.415         0           6700           1       1.000       100         0
148    ../dataset/frame_camera_67.png  (1330,769), (1920,1209)   9.777         1           6700          26      27.000       100         0
149    ../dataset/frame_camera_68.png     (744,661), (826,730)  59.885         0           6800           1       1.000       100         0
150    ../dataset/frame_camera_68.png  (1326,768), (1920,1208)   9.763         1           6800          27      28.000       100         0
151    ../dataset/frame_camera_69.png     (743,663), (825,731)  60.353         0           6900           1       1.000       100         0
152    ../dataset/frame_camera_69.png  (1323,770), (1920,1212)   9.746         1           6900          27      28.000       100         0
153    ../dataset/frame_camera_70.png     (744,662), (826,730)  60.825         0           7000           1       1.000       100         0
154    ../dataset/frame_camera_70.png  (1320,769), (1920,1212)   9.731         1           7000          27      28.000       100         0
155    ../dataset/frame_camera_71.png     (747,659), (827,727)  61.294         0           7100           1       1.000       100         0
156    ../dataset/frame_camera_71.png  (1319,767), (1920,1209)   9.712         1           7100          27      28.000       100         0
157    ../dataset/frame_camera_72.png     (751,661), (831,728)  61.761         0           7200           1       1.000       100         0
158    ../dataset/frame_camera_72.png  (1320,767), (1920,1210)   9.691         1           7200          27      28.000       100         0
159    ../dataset/frame_camera_73.png     (756,663), (835,729)  62.229         0           7300           1       1.000       100         0
160    ../dataset/frame_camera_73.png  (1322,768), (1920,1213)   9.669         1           7300          27      28.000       100         0
161    ../dataset/frame_camera_74.png     (760,661), (839,726)  62.697         0           7400           1       1.000       100         0
162    ../dataset/frame_camera_74.png  (1325,766), (1920,1212)   9.652         1           7400          27      28.000       100         0
163    ../dataset/frame_camera_75.png     (763,659), (841,724)  63.165         0           7500           1       1.000       100         0
164    ../dataset/frame_camera_75.png  (1326,764), (1920,1209)   9.635         1           7500          27      28.000       100         0
165    ../dataset/frame_camera_76.png     (765,659), (843,724)  63.632         0           7600           1       1.000       100         0
166    ../dataset/frame_camera_76.png  (1328,764), (1920,1210)   9.620         1           7600          27      28.000       100         0
167    ../dataset/frame_camera_77.png     (767,661), (844,725)  64.102         0           7700           1       1.000       100         0
168    ../dataset/frame_camera_77.png  (1329,768), (1920,1216)   9.609         1           7700          27      28.000       100         0
169    ../dataset/frame_camera_78.png     (768,662), (845,726)  64.574         0           7800           1       1.000       100         0
170    ../dataset/frame_camera_78.png  (1330,770), (1920,1220)   9.601         1           7800          27      28.000       100         0
171    ../dataset/frame_camera_79.png     (770,658), (845,722)  65.053         0           7900           1       1.000       100         0
172    ../dataset/frame_camera_79.png  (1331,766), (1920,1214)   9.601         1           7900          27      28.000       100         0
173    ../dataset/frame_camera_80.png     (772,656), (847,719)  65.534         0           8000           1       1.000       100         0
174    ../dataset/frame_camera_80.png  (1332,763), (1920,1209)   9.600         1           8000          27      28.000       100         0
175    ../dataset/frame_camera_81.png     (773,658), (848,720)  66.016         0           8100           1       1.000       100         0
176    ../dataset/frame_camera_81.png  (1334,765), (1920,1213)   9.592         1           8100          27      28.000       100         0
177    ../dataset/frame_camera_82.png     (775,660), (849,722)  66.505         0           8200           1       1.000       100         0
178    ../dataset/frame_camera_82.png  (1334,768), (1920,1217)   9.591         1           8200          27      28.000       100         0
179    ../dataset/frame_camera_83.png     (775,661), (849,722)  67.000         0           8300           1       1.000       100         0
180    ../dataset/frame_camera_83.png  (1334,770), (1920,1220)   9.597         1           8300          27      28.000       100         0
181    ../dataset/frame_camera_84.png     (777,658), (849,719)  67.502         0           8400           1       1.000       100         0
182    ../dataset/frame_camera_84.png  (1334,769), (1920,1218)   9.609         1           8400          27      28.000       100         0
183    ../dataset/frame_camera_85.png     (778,655), (850,715)  68.006         0           8500           1       1.000       100         0
184    ../dataset/frame_camera_85.png  (1335,766), (1920,1213)   9.623         1           8500          27      28.000       100         0
185    ../dataset/frame_camera_86.png     (780,655), (851,715)  68.514         0           8600           1       1.000       100         0
186    ../dataset/frame_camera_86.png  (1335,765), (1920,1210)   9.640         1           8600          27      28.000       100         0
187    ../dataset/frame_camera_87.png     (782,657), (853,717)  69.027         0           8700           1       1.000       100         0
188    ../dataset/frame_camera_87.png  (1336,766), (1920,1211)   9.661         1           8700          26      27.000       100         0
189    ../dataset/frame_camera_88.png     (784,658), (854,717)  69.547         0           8800           1       1.000       100         0
190    ../dataset/frame_camera_88.png  (1336,766), (1920,1210)   9.691         1           8800          26      27.000       100         0
191    ../dataset/frame_camera_89.png     (785,658), (855,716)  70.072         0           8900           1       1.000       100         0
192    ../dataset/frame_camera_89.png  (1336,766), (1920,1207)   9.725         1           8900          26      27.000       100         0
193    ../dataset/frame_camera_90.png     (786,657), (856,715)  70.602         0           9000           1       1.000       100         0
194    ../dataset/frame_camera_90.png  (1335,764), (1920,1203)   9.749         1           9000          26      27.000       100         0
195    ../dataset/frame_camera_91.png     (789,656), (857,713)  71.130         0           9100           1       1.000       100         0
196    ../dataset/frame_camera_91.png  (1335,761), (1920,1197)   9.778         1           9100          26      27.000       100         0
197    ../dataset/frame_camera_92.png     (792,654), (859,711)  71.659         0           9200           1       1.000       100         0
198    ../dataset/frame_camera_92.png  (1335,758), (1920,1191)   9.807         1           9200          26      27.000       100         0
199    ../dataset/frame_camera_93.png     (795,655), (862,711)  72.192         0           9300           1       1.000       100         0
200    ../dataset/frame_camera_93.png  (1335,756), (1920,1186)   9.840         1           9300          26      27.000       100         0
201    ../dataset/frame_camera_94.png     (798,658), (864,714)  72.725         0           9400           1       1.000       100         0
202    ../dataset/frame_camera_94.png  (1336,756), (1920,1184)   9.873         1           9400          25      26.000       100         0
203    ../dataset/frame_camera_95.png     (801,662), (866,718)  73.260         0           9500           1       1.000       100         0
204    ../dataset/frame_camera_95.png  (1336,758), (1920,1187)   9.908         1           9500          26      27.000       100         0
205    ../dataset/frame_camera_96.png     (803,665), (868,721)  73.794         0           9600           1       1.000       100         0
206    ../dataset/frame_camera_96.png  (1337,761), (1920,1189)   9.942         1           9600          25      26.000       100         0
207    ../dataset/frame_camera_97.png     (804,667), (868,722)  74.301         0           9700           1       1.000       100         0
208    ../dataset/frame_camera_97.png  (1338,764), (1920,1191)   9.976         1           9700          25      26.000       100         0
209    ../dataset/frame_camera_98.png     (806,666), (870,721)  74.841         0           9800           1       1.000       100         0
210    ../dataset/frame_camera_98.png  (1338,763), (1920,1189)  10.008         1           9800          25      26.000       100         0
211    ../dataset/frame_camera_99.png  (1339,764), (1920,1189)  10.034         0           9900          25      25.000       100         0
212    ../dataset/frame_camera_100.png  (1339,766), (1920,1192)  10.057         0          10000          25      25.000       100         0
213    ../dataset/frame_camera_101.png  (1339,767), (1920,1191)  10.078         0          10100          25      25.000       100         0
214    ../dataset/frame_camera_102.png  (1338,765), (1920,1188)  10.097         0          10200          25      25.000       100         0
215    ../dataset/frame_camera_103.png  (1337,763), (1920,1184)  10.112         0          10300          25      25.000       100         0
216    ../dataset/frame_camera_104.png  (1336,763), (1920,1184)  10.123         0          10400          25      25.000       100         0
217    ../dataset/frame_camera_105.png  (1335,763), (1920,1182)  10.134         0          10500          25      25.000       100         0
218    ../dataset/frame_camera_106.png  (1335,762), (1920,1181)  10.144         0          10600          25      25.000       100         0
219    ../dataset/frame_camera_107.png  (1334,761), (1920,1179)  10.155         0          10700          25      25.000       100         0
220    ../dataset/frame_camera_108.png  (1333,760), (1920,1176)  10.168         0          10800          25      25.000       100         0
221    ../dataset/frame_camera_109.png  (1335,760), (1920,1176)  10.173         0          10900          25      25.000       100         0
222    ../dataset/frame_camera_110.png  (1337,760), (1920,1176)  10.182         0          11000          25      25.000       100         0
223    ../dataset/frame_camera_111.png  (1340,760), (1920,1176)  10.191         0          11100          25      25.000       100         0
224    ../dataset/frame_camera_111.png      (0,640), (524,1280)   5.569         1          11100          34      59.000       100         0
225    ../dataset/frame_camera_112.png  (1342,761), (1920,1176)  10.203         0          11200          24      24.000       100         0
226    ../dataset/frame_camera_112.png      (0,639), (541,1280)   5.874         1          11200          35      59.000       100         0
227    ../dataset/frame_camera_113.png  (1344,761), (1920,1175)  10.218         0          11300          24      24.000       100         0
228    ../dataset/frame_camera_113.png      (0,637), (557,1280)   6.184         1          11300          36      60.000       100         0
229    ../dataset/frame_camera_114.png  (1345,759), (1920,1173)  10.227         0          11400          24      24.000       100         0
230    ../dataset/frame_camera_114.png      (0,627), (570,1280)   6.497         1          11400          38      62.000       100         0
231    ../dataset/frame_camera_115.png  (1342,760), (1920,1173)  10.238         0          11500          24      24.000       100         0
232    ../dataset/frame_camera_115.png      (0,621), (579,1280)   6.814         1          11500          39      63.000       100         0
233    ../dataset/frame_camera_116.png  (1337,762), (1920,1175)  10.255         0          11600          25      25.000       100         0
234    ../dataset/frame_camera_116.png      (0,621), (584,1280)   7.137         1          11600          39      64.000       100         0
235    ../dataset/frame_camera_117.png  (1331,763), (1920,1177)  10.272         0          11700          25      25.000       100         0
236    ../dataset/frame_camera_117.png      (0,624), (589,1280)   7.467         1          11700          39      64.000       100         0
237    ../dataset/frame_camera_118.png  (1326,764), (1920,1177)  10.290         0          11800          25      25.000       100         0
238    ../dataset/frame_camera_118.png      (0,629), (595,1280)   7.805         1          11800          39      64.000       100         0
239    ../dataset/frame_camera_119.png  (1324,761), (1920,1173)  10.306         0          11900          25      25.000       100         0
240    ../dataset/frame_camera_119.png      (0,631), (603,1280)   8.148         1          11900          40      65.000       100         0
241    ../dataset/frame_camera_120.png  (1323,759), (1920,1168)  10.323         0          12000          25      25.000       100         0
242    ../dataset/frame_camera_120.png      (0,639), (612,1280)   8.496         1          12000          40      65.000       100         0
243    ../dataset/frame_camera_121.png  (1323,757), (1920,1164)  10.343         0          12100          25      25.000       100         0
244    ../dataset/frame_camera_121.png      (0,638), (621,1280)   8.847         1          12100          40      65.000       100         0
245    ../dataset/frame_camera_122.png  (1322,757), (1920,1163)  10.363         0          12200          25      25.000       100         0
246    ../dataset/frame_camera_122.png      (0,635), (628,1280)   9.200         1          12200          41      66.000       100         0
247    ../dataset/frame_camera_123.png  (1319,758), (1920,1163)  10.391         0          12300          25      25.000       100         0
248    ../dataset/frame_camera_123.png      (0,636), (636,1253)   9.556         1          12300          40      65.000       100         0
249    ../dataset/frame_camera_124.png  (1319,756), (1920,1159)  10.420         0          12400          25      25.000       100         0
250    ../dataset/frame_camera_124.png      (0,634), (645,1221)   9.917         1          12400          38      63.000       100         0
251    ../dataset/frame_camera_125.png  (1320,753), (1920,1154)  10.448         0          12500          25      25.000       100         0
252    ../dataset/frame_camera_125.png      (0,632), (654,1192)  10.279         1          12500          37      62.000       100         0
253    ../dataset/frame_camera_126.png  (1322,753), (1920,1152)  10.476         0          12600          24      24.000       100         0
254    ../dataset/frame_camera_126.png      (0,634), (664,1168)  10.650         1          12600          36      60.000       100         0
255    ../dataset/frame_camera_127.png  (1323,756), (1920,1155)  10.505         0          12700          24      24.000       100         0
256    ../dataset/frame_camera_127.png      (0,640), (673,1150)  11.021         1          12700          35      59.000       100         0
257    ../dataset/frame_camera_128.png  (1324,760), (1920,1161)  10.534         0          12800          24      24.000       100         0
258    ../dataset/frame_camera_128.png      (0,645), (681,1134)  11.389         1          12800          34      58.000       100         0
259    ../dataset/frame_camera_129.png  (1325,761), (1920,1160)  10.565         0          12900          24      24.000       100         0
260    ../dataset/frame_camera_129.png      (0,643), (688,1113)  11.756         1          12900          33      57.000       100         0
261    ../dataset/frame_camera_130.png  (1324,759), (1920,1157)  10.592         0          13000          24      24.000       100         0
262    ../dataset/frame_camera_130.png      (0,639), (694,1092)  12.118         1          13000          32      56.000       100         0
263    ../dataset/frame_camera_131.png  (1323,759), (1920,1156)  10.610         0          13100          24      24.000       100         0
264    ../dataset/frame_camera_131.png      (0,640), (698,1077)  12.473         1          13100          31      55.000       100         0
265    ../dataset/frame_camera_132.png  (1321,762), (1920,1160)  10.623         0          13200          24      24.000       100         0
266    ../dataset/frame_camera_132.png      (0,645), (701,1067)  12.823         1          13200          30      54.000       100         0
267    ../dataset/frame_camera_133.png  (1319,766), (1920,1165)  10.633         0          13300          24      24.000       100         0
268    ../dataset/frame_camera_133.png     (17,649), (704,1057)  13.172         1          13300          29      53.000       100         0
269    ../dataset/frame_camera_134.png  (1318,767), (1920,1167)  10.633         0          13400          25      25.000       100         0
270    ../dataset/frame_camera_134.png     (44,651), (707,1047)  13.515         1          13400          27      52.000       100         0
271    ../dataset/frame_camera_135.png  (1317,765), (1920,1164)  10.628         0          13500          25      25.000       100         0
272    ../dataset/frame_camera_135.png     (69,649), (710,1033)  13.856         1          13500          25      50.000       100         0
273    ../dataset/frame_camera_136.png     (93,650), (714,1023)  14.190         0          13600          24      24.000       100         0
274    ../dataset/frame_camera_136.png  (1317,764), (1920,1162)  10.614         1          13600          24      48.000       100         0
275    ../dataset/frame_camera_137.png    (117,648), (718,1011)  14.518         0          13700          22      22.000       100         0
276    ../dataset/frame_camera_137.png  (1318,761), (1920,1160)  10.594         1          13700          25      47.000       100         0
277    ../dataset/frame_camera_138.png    (141,649), (724,1003)  14.843         0          13800          21      21.000       100         0
278    ../dataset/frame_camera_138.png  (1320,761), (1920,1160)  10.568         1          13800          24      45.000       100         0
279    ../dataset/frame_camera_139.png     (162,654), (728,997)  15.185         0          13900          20      20.000       100         0
280    ../dataset/frame_camera_139.png  (1323,764), (1920,1165)  10.539         1          13900          24      44.000       100         0
281    ../dataset/frame_camera_140.png     (183,656), (732,991)  15.525         0          14000          19      19.000       100         0
282    ../dataset/frame_camera_140.png  (1325,765), (1920,1169)  10.509         1          14000          25      44.000       100         0
283    ../dataset/frame_camera_141.png     (203,655), (736,982)  15.858         0          14100          18      18.000       100         0
284    ../dataset/frame_camera_141.png  (1329,767), (1920,1172)  10.474         1          14100          24      42.000       100         0
285    ../dataset/frame_camera_142.png     (223,653), (740,972)  16.190         0          14200          17      17.000       100         0
286    ../dataset/frame_camera_142.png  (1332,765), (1920,1171)  10.439         1          14200          24      41.000       100         0
287    ../dataset/frame_camera_143.png     (240,651), (744,963)  16.518         0          14300          16      16.000       100         0
288    ../dataset/frame_camera_143.png  (1336,763), (1920,1170)  10.400         1          14300          24      40.000       100         0
289    ../dataset/frame_camera_144.png     (257,654), (747,958)  16.841         0          14400          15      15.000       100         0
290    ../dataset/frame_camera_144.png  (1339,764), (1920,1173)  10.357         1          14400          24      39.000       100         0
291    ../dataset/frame_camera_145.png     (271,656), (750,954)  17.165         0          14500          15      15.000       100         0
292    ../dataset/frame_camera_145.png  (1341,765), (1920,1177)  10.316         1          14500          24      39.000       100         0
293    ../dataset/frame_camera_146.png     (285,654), (752,946)  17.491         0          14600          14      14.000       100         0
294    ../dataset/frame_camera_146.png  (1343,764), (1920,1178)  10.279         1          14600          24      38.000       100         0
295    ../dataset/frame_camera_147.png     (298,654), (753,940)  17.816         0          14700          14      14.000       100         0
296    ../dataset/frame_camera_147.png  (1345,764), (1920,1179)  10.239         1          14700          24      38.000       100         0
297    ../dataset/frame_camera_148.png     (310,652), (754,932)  18.144         0          14800          13      13.000       100         0
298    ../dataset/frame_camera_148.png  (1345,764), (1920,1181)  10.192         1          14800          24      37.000       100         0
299    ../dataset/frame_camera_149.png     (321,648), (755,922)  18.475         0          14900          12      12.000       100         0
300    ../dataset/frame_camera_149.png  (1345,762), (1920,1181)  10.148         1          14900          25      37.000       100         0
301    ../dataset/frame_camera_150.png     (335,643), (758,912)  18.821         0          15000          12      12.000       100         0
302    ../dataset/frame_camera_150.png  (1345,760), (1920,1179)  10.116         1          15000          25      37.000       100         0
303    ../dataset/frame_camera_151.png     (348,638), (761,901)  19.177         0          15100          11      11.000       100         0
304    ../dataset/frame_camera_151.png  (1346,757), (1920,1176)  10.094         1          15100          25      36.000       100         0
305    ../dataset/frame_camera_152.png     (363,635), (765,892)  19.549         0          15200          11      11.000       100         0
306    ../dataset/frame_camera_152.png  (1347,753), (1920,1171)  10.086         1          15200          24      35.000       100         0
307    ../dataset/frame_camera_153.png     (377,633), (769,885)  19.934         0          15300          10      10.000       100         0
308    ../dataset/frame_camera_153.png  (1348,750), (1920,1166)  10.091         1          15300          24      34.000       100         0
309    ../dataset/frame_camera_154.png     (390,637), (773,882)  20.332         0          15400          10      10.000       100         0
310    ../dataset/frame_camera_154.png  (1348,751), (1920,1166)  10.110         1          15400          24      34.000       100         0
311    ../dataset/frame_camera_155.png     (401,645), (774,885)  20.731         0          15500           9       9.000       100         0
312    ../dataset/frame_camera_155.png  (1347,757), (1920,1175)  10.131         1          15500          24      33.000       100         0
313    ../dataset/frame_camera_156.png     (412,649), (776,885)  21.139         0          15600           9       9.000       100         0
314    ../dataset/frame_camera_156.png  (1345,762), (1920,1181)  10.149         1          15600          25      34.000       100         0
315    ../dataset/frame_camera_157.png     (424,649), (779,880)  21.549         0          15700           9       9.000       100         0
316    ../dataset/frame_camera_157.png  (1344,763), (1920,1182)  10.169         1          15700          25      34.000       100         0
317    ../dataset/frame_camera_158.png     (437,645), (782,871)  22.001         0          15800           8       8.000       100         0
318    ../dataset/frame_camera_158.png  (1343,760), (1920,1177)  10.190         1          15800          25      33.000       100         0
319    ../dataset/frame_camera_159.png     (449,643), (786,863)  22.452         0          15900           8       8.000       100         0
320    ../dataset/frame_camera_159.png  (1344,758), (1920,1172)  10.210         1          15900          24      32.000       100         0
321    ../dataset/frame_camera_160.png     (462,647), (790,862)  22.901         0          16000           8       8.000       100         0
322    ../dataset/frame_camera_160.png  (1344,760), (1920,1174)  10.245         1          16000          24      32.000       100         0
323    ../dataset/frame_camera_161.png     (474,650), (794,860)  23.353         0          16100           7       7.000       100         0
324    ../dataset/frame_camera_161.png  (1344,763), (1920,1176)  10.283         1          16100          24      31.000       100         0
325    ../dataset/frame_camera_162.png     (486,650), (798,857)  23.803         0          16200           7       7.000       100         0
326    ../dataset/frame_camera_162.png  (1345,765), (1920,1177)  10.321         1          16200          24      31.000       100         0
327    ../dataset/frame_camera_163.png     (497,650), (802,853)  24.248         0          16300           7       7.000       100         0
328    ../dataset/frame_camera_163.png  (1346,765), (1920,1176)  10.340         1          16300          24      31.000       100         0
329    ../dataset/frame_camera_164.png     (508,649), (806,848)  24.689         0          16400           6       6.000       100         0
330    ../dataset/frame_camera_164.png  (1348,763), (1920,1173)  10.356         1          16400          24      30.000       100         0
331    ../dataset/frame_camera_165.png     (518,650), (810,845)  25.122         0          16500           6       6.000       100         0
332    ../dataset/frame_camera_165.png  (1351,763), (1920,1172)  10.366         1          16500          24      30.000       100         0
333    ../dataset/frame_camera_166.png     (527,654), (812,845)  25.549         0          16600           6       6.000       100         0
334    ../dataset/frame_camera_166.png  (1352,766), (1920,1176)  10.370         1          16600          24      30.000       100         0
335    ../dataset/frame_camera_167.png     (535,657), (815,844)  25.971         0          16700           6       6.000       100         0
336    ../dataset/frame_camera_167.png  (1354,769), (1920,1181)  10.370         1          16700          24      30.000       100         0
337    ../dataset/frame_camera_168.png     (543,657), (817,842)  26.388         0          16800           6       6.000       100         0
338    ../dataset/frame_camera_168.png  (1355,771), (1920,1184)  10.367         1          16800          24      30.000       100         0
339    ../dataset/frame_camera_169.png     (550,654), (819,836)  26.798         0          16900           5       5.000       100         0
340    ../dataset/frame_camera_169.png  (1357,769), (1920,1182)  10.357         1          16900          24      29.000       100         0
341    ../dataset/frame_camera_170.png     (557,651), (820,830)  27.202         0          17000           5       5.000       100         0
342    ../dataset/frame_camera_170.png  (1359,767), (1920,1179)  10.340         1          17000          24      29.000       100         0
343    ../dataset/frame_camera_171.png     (563,654), (822,830)  27.598         0          17100           5       5.000       100         0
344    ../dataset/frame_camera_171.png  (1361,769), (1920,1183)  10.314         1          17100          24      29.000       100         0
345    ../dataset/frame_camera_172.png     (569,656), (823,829)  27.990         0          17200           5       5.000       100         0
346    ../dataset/frame_camera_172.png  (1362,771), (1920,1187)  10.285         1          17200          24      29.000       100         0
347    ../dataset/frame_camera_173.png     (574,654), (825,825)  28.378         0          17300           5       5.000       100         0
348    ../dataset/frame_camera_173.png  (1366,771), (1920,1189)  10.249         1          17300          24      29.000       100         0
349    ../dataset/frame_camera_174.png     (580,652), (826,821)  28.761         0          17400           5       5.000       100         0
350    ../dataset/frame_camera_174.png  (1369,769), (1920,1188)  10.206         1          17400          24      29.000       100         0
351    ../dataset/frame_camera_175.png     (585,653), (827,819)  29.136         0          17500           5       5.000       100         0
352    ../dataset/frame_camera_175.png  (1372,769), (1920,1190)  10.157         1          17500          24      29.000       100         0
353    ../dataset/frame_camera_176.png     (590,653), (828,817)  29.511         0          17600           4       4.000       100         0
354    ../dataset/frame_camera_176.png  (1375,769), (1920,1193)  10.105         1          17600          24      28.000       100         0
355    ../dataset/frame_camera_177.png     (595,654), (830,816)  29.883         0          17700           4       4.000       100         0
356    ../dataset/frame_camera_177.png  (1379,770), (1920,1197)  10.051         1          17700          24      28.000       100         0
357    ../dataset/frame_camera_178.png     (601,653), (832,813)  30.251         0          17800           4       4.000       100         0
358    ../dataset/frame_camera_178.png  (1384,769), (1920,1199)   9.993         1          17800          24      28.000       100         0
359    ../dataset/frame_camera_179.png     (605,653), (833,810)  30.615         0          17900           4       4.000       100         0
360    ../dataset/frame_camera_179.png  (1388,769), (1920,1202)   9.932         1          17900          24      28.000       100         0
361    ../dataset/frame_camera_180.png     (610,652), (834,807)  30.979         0          18000           4       4.000       100         0
362    ../dataset/frame_camera_180.png  (1392,768), (1920,1203)   9.870         1          18000          23      27.000       100         0
363    ../dataset/frame_camera_181.png     (614,651), (835,804)  31.339         0          18100           4       4.000       100         0
364    ../dataset/frame_camera_181.png  (1397,767), (1920,1205)   9.806         1          18100          23      27.000       100         0
365    ../dataset/frame_camera_182.png     (618,651), (837,803)  31.715         0          18200           4       4.000       100         0
366    ../dataset/frame_camera_182.png  (1399,768), (1920,1208)   9.755         1          18200          23      27.000       100         0
367    ../dataset/frame_camera_183.png     (623,652), (838,802)  32.093         0          18300           4       4.000       100         0
368    ../dataset/frame_camera_183.png  (1402,769), (1920,1214)   9.693         1          18300          24      28.000       100         0
369    ../dataset/frame_camera_184.png     (626,653), (839,801)  32.467         0          18400           4       4.000       100         0
370    ../dataset/frame_camera_184.png  (1404,772), (1920,1221)   9.628         1          18400          24      28.000       100         0
371    ../dataset/frame_camera_185.png     (629,650), (839,796)  32.846         0          18500           4       4.000       100         0
372    ../dataset/frame_camera_185.png  (1407,770), (1920,1222)   9.568         1          18500          24      28.000       100         0
373    ../dataset/frame_camera_186.png     (632,645), (839,790)  33.224         0          18600           4       4.000       100         0
374    ../dataset/frame_camera_186.png  (1408,766), (1920,1219)   9.507         1          18600          24      28.000       100         0
375    ../dataset/frame_camera_187.png     (633,646), (838,789)  33.603         0          18700           3       3.000       100         0
376    ../dataset/frame_camera_187.png  (1408,766), (1920,1222)   9.446         1          18700          24      27.000       100         0
377    ../dataset/frame_camera_188.png     (635,649), (837,790)  33.986         0          18800           3       3.000       100         0
378    ../dataset/frame_camera_188.png  (1408,769), (1920,1229)   9.388         1          18800          24      27.000       100         0
379    ../dataset/frame_camera_189.png     (637,645), (837,784)  34.379         0          18900           3       3.000       100         0
380    ../dataset/frame_camera_189.png  (1408,769), (1920,1233)   9.329         1          18900          24      27.000       100         0
381    ../dataset/frame_camera_190.png     (640,639), (837,777)  34.784         0          19000           3       3.000       100         0
382    ../dataset/frame_camera_190.png  (1408,765), (1920,1230)   9.280         1          19000          24      27.000       100         0
383    ../dataset/frame_camera_191.png     (643,639), (838,775)  35.196         0          19100           3       3.000       100         0
384    ../dataset/frame_camera_191.png  (1409,762), (1920,1228)   9.235         1          19100          24      27.000       100         0
385    ../dataset/frame_camera_192.png     (646,645), (839,779)  35.611         0          19200           3       3.000       100         0
386    ../dataset/frame_camera_192.png  (1409,766), (1920,1236)   9.192         1          19200          25      28.000       100         0
387    ../dataset/frame_camera_193.png     (650,650), (840,783)  36.047         0          19300           3       3.000       100         0
388    ../dataset/frame_camera_193.png  (1408,771), (1920,1247)   9.158         1          19300          25      28.000       100         0
389    ../dataset/frame_camera_194.png     (653,651), (841,781)  36.485         0          19400           3       3.000       100         0
390    ../dataset/frame_camera_194.png  (1407,775), (1920,1254)   9.130         1          19400          25      28.000       100         0
391    ../dataset/frame_camera_195.png     (657,649), (842,778)  36.925         0          19500           3       3.000       100         0
392    ../dataset/frame_camera_195.png  (1406,776), (1920,1258)   9.103         1          19500          25      28.000       100         0
393    ../dataset/frame_camera_196.png     (660,647), (843,775)  37.369         0          19600           3       3.000       100         0
394    ../dataset/frame_camera_196.png  (1405,776), (1920,1259)   9.078         1          19600          25      28.000       100         0
395    ../dataset/frame_camera_197.png     (664,645), (845,771)  37.814         0          19700           3       3.000       100         0
396    ../dataset/frame_camera_197.png  (1405,775), (1920,1260)   9.054         1          19700          25      28.000       100         0
----------------------------------------------------------------------
Elapsed time: 266.186676 s
group avg response time = [31.667, 30.22, 6.269, 3.116, 1.652, 1.0, 1.0, 1.0, 0, 0]
